49245.879595616934 2492313.7420223695
6034.250729963505 1127963.7663278088
1311.492365939971 1909342.6586376494
343.3179091460177 2851858.5284012062
157.02085590360986 4504114.280282543
157.02085590360986 5078981.850682327
157.02085590360986 4586502.26586503
157.02085590360986 4237157.85494209
157.02085590360986 6024117.638644494
157.02085590360986 4551673.281564651
18.833779441142575 5252712.103465025
18.833779441142575 4794633.421665917
18.833779441142575 4570968.714781465
18.833779441142575 4670862.312919734
18.833779441142575 5139576.568391276
18.833779441142575 5004919.969519727
18.833779441142575 5288250.658757381
18.833779441142575 4979287.726280893
18.833779441142575 5805412.382480863
18.833779441142575 4982504.054625959
18.833779441142575 3857066.0600459008
18.833779441142575 5025068.322034734
18.833779441142575 5562750.208163913
18.833779441142575 5304855.688772343
18.833779441142575 5319941.7305219555
18.833779441142575 5072495.104050903
18.833779441142575 4806259.199251922
18.833779441142575 5544510.59906893
18.833779441142575 13582887.131044243
6.628513814941677 4844528.351109239
5.653536573024686 6207910.595545127
5.653536573024686 6545648.12944662
5.653536573024686 6861014.182346272
4.827946563347079 9062931.729429496
4.827946563347079 4905542.956356782
4.827946563347079 5231318.340462697
4.827946563347079 6427975.622094738
4.827946563347079 5706567.605137689
4.827946563347079 9590587.60404148
4.827946563347079 5922953.759172498