  214.8000  131.0000  131.1000    9.0000    9.7000  141.0000
  214.6000  129.7000  129.7000    8.1000    9.5000  141.7000
  214.8000  129.7000  129.7000    8.7000    9.6000  142.2000
  214.8000  129.7000  129.6000    7.5000   10.4000  142.0000
  215.0000  129.6000  129.7000   10.4000    7.7000  141.8000
  215.7000  130.8000  130.5000    9.0000   10.1000  141.4000
  215.5000  129.5000  129.7000    7.9000    9.6000  141.6000
  214.5000  129.6000  129.2000    7.2000   10.7000  141.7000
  214.9000  129.4000  129.7000    8.2000   11.0000  141.9000
  215.2000  130.4000  130.3000    9.2000   10.0000  140.7000
  215.3000  130.4000  130.3000    7.9000   11.7000  141.8000
  215.1000  129.5000  129.6000    7.7000   10.5000  142.2000
  215.2000  130.8000  129.6000    7.9000   10.8000  141.4000
  214.7000  129.7000  129.7000    7.7000   10.9000  141.7000
  215.1000  129.9000  129.7000    7.7000   10.8000  141.8000
  214.5000  129.8000  129.8000    9.3000    8.5000  141.6000
  214.6000  129.9000  130.1000    8.2000    9.8000  141.7000
  215.0000  129.9000  129.7000    9.0000    9.0000  141.9000
  215.2000  129.6000  129.6000    7.4000   11.5000  141.5000
  214.7000  130.2000  129.9000    8.6000   10.0000  141.9000
  215.0000  129.9000  129.3000    8.4000   10.0000  141.4000
  215.6000  130.5000  130.0000    8.1000   10.3000  141.6000
  215.3000  130.6000  130.0000    8.4000   10.8000  141.5000
  215.7000  130.2000  130.0000    8.7000   10.0000  141.6000
  215.1000  129.7000  129.9000    7.4000   10.8000  141.1000
  215.3000  130.4000  130.4000    8.0000   11.0000  142.3000
  215.5000  130.2000  130.1000    8.9000    9.8000  142.4000
  215.1000  130.3000  130.3000    9.8000    9.5000  141.9000
  215.1000  130.0000  130.0000    7.4000   10.5000  141.8000
  214.8000  129.7000  129.3000    8.3000    9.0000  142.0000
  215.2000  130.1000  129.8000    7.9000   10.7000  141.8000
  214.8000  129.7000  129.7000    8.6000    9.1000  142.3000
  215.0000  130.0000  129.6000    7.7000   10.5000  140.7000
  215.6000  130.4000  130.1000    8.4000   10.3000  141.0000
  215.9000  130.4000  130.0000    8.9000   10.6000  141.4000
  214.6000  130.2000  130.2000    9.4000    9.7000  141.8000
  215.5000  130.3000  130.0000    8.4000    9.7000  141.8000
  215.3000  129.9000  129.4000    7.9000   10.0000  142.0000
  215.3000  130.3000  130.1000    8.5000    9.3000  142.1000
  213.9000  130.3000  129.0000    8.1000    9.7000  141.3000
  214.4000  129.8000  129.2000    8.9000    9.4000  142.3000
  214.8000  130.1000  129.6000    8.8000    9.9000  140.9000
  214.9000  129.6000  129.4000    9.3000    9.0000  141.7000
  214.9000  130.4000  129.7000    9.0000    9.8000  140.9000
  214.8000  129.4000  129.1000    8.2000   10.2000  141.0000
  214.3000  129.5000  129.4000    8.3000   10.2000  141.8000
  214.8000  129.9000  129.7000    8.3000   10.2000  141.5000
  214.8000  129.9000  129.7000    7.3000   10.9000  142.0000
  214.6000  129.7000  129.8000    7.9000   10.3000  141.1000
  214.5000  129.0000  129.6000    7.8000    9.8000  142.0000
  214.6000  129.8000  129.4000    7.2000   10.0000  141.3000
  215.3000  130.6000  130.0000    9.5000    9.7000  141.1000
  214.5000  130.1000  130.0000    7.8000   10.9000  140.9000
  215.4000  130.2000  130.2000    7.6000   10.9000  141.6000
  214.5000  129.4000  129.5000    7.9000   10.0000  141.4000
  215.2000  129.7000  129.4000    9.2000    9.4000  142.0000
  215.7000  130.0000  129.4000    9.2000   10.4000  141.2000
  215.0000  129.6000  129.4000    8.8000    9.0000  141.1000
  215.1000  130.1000  129.9000    7.9000   11.0000  141.3000
  215.1000  130.0000  129.8000    8.2000   10.3000  141.4000
  215.1000  129.6000  129.3000    8.3000    9.9000  141.6000
  215.3000  129.7000  129.4000    7.5000   10.5000  141.5000
  215.4000  129.8000  129.4000    8.0000   10.6000  141.5000
  214.5000  130.0000  129.5000    8.0000   10.8000  141.4000
  215.0000  130.0000  129.8000    8.6000   10.6000  141.5000
  215.2000  130.6000  130.0000    8.8000   10.6000  140.8000
  214.6000  129.5000  129.2000    7.7000   10.3000  141.3000
  214.8000  129.7000  129.3000    9.1000    9.5000  141.5000
  215.1000  129.6000  129.8000    8.6000    9.8000  141.8000
  214.9000  130.2000  130.2000    8.0000   11.2000  139.6000
  213.8000  129.8000  129.5000    8.4000   11.1000  140.9000
  215.2000  129.9000  129.5000    8.2000   10.3000  141.4000
  215.0000  129.6000  130.2000    8.7000   10.0000  141.2000
  214.4000  129.9000  129.6000    7.5000   10.5000  141.8000
  215.2000  129.9000  129.7000    7.2000   10.6000  142.1000
  214.1000  129.6000  129.3000    7.6000   10.7000  141.7000
  214.9000  129.9000  130.1000    8.8000   10.0000  141.2000
  214.6000  129.8000  129.4000    7.4000   10.6000  141.0000
  215.2000  130.5000  129.8000    7.9000   10.9000  140.9000
  214.6000  129.9000  129.4000    7.9000   10.0000  141.8000
  215.1000  129.7000  129.7000    8.6000   10.3000  140.6000
  214.9000  129.8000  129.6000    7.5000   10.3000  141.0000
  215.2000  129.7000  129.1000    9.0000    9.7000  141.9000
  215.2000  130.1000  129.9000    7.9000   10.8000  141.3000
  215.4000  130.7000  130.2000    9.0000   11.1000  141.2000
  215.1000  129.9000  129.6000    8.9000   10.2000  141.5000
  215.2000  129.9000  129.7000    8.7000    9.5000  141.6000
  215.0000  129.6000  129.2000    8.4000   10.2000  142.1000
  214.9000  130.3000  129.9000    7.4000   11.2000  141.5000
  215.0000  129.9000  129.7000    8.0000   10.5000  142.0000
  214.7000  129.7000  129.3000    8.6000    9.6000  141.6000
  215.4000  130.0000  129.9000    8.5000    9.7000  141.4000
  214.9000  129.4000  129.5000    8.2000    9.9000  141.5000
  214.5000  129.5000  129.3000    7.4000   10.7000  141.5000
  214.7000  129.6000  129.5000    8.3000   10.0000  142.0000
  215.6000  129.9000  129.9000    9.0000    9.5000  141.7000
  215.0000  130.4000  130.3000    9.1000   10.2000  141.1000
  214.4000  129.7000  129.5000    8.0000   10.3000  141.2000
  215.1000  130.0000  129.8000    9.1000   10.2000  141.5000
  214.7000  130.0000  129.4000    7.8000   10.0000  141.2000
