0.095593 143
0.010558 71
0.000019 7
0.000014 8
1.081722 1
0.000540 3
0.000479 1
0.000551 1
0.000309 2
0.001198 2
0.000340 3
0.000092 1
0.000099 1
0.000108 2
0.000099 1
0.000097 1
0.000096 1
0.000522 1
0.000061 105
0.729806 119
0.000532 7
0.000032 11
0.000879 91
0.003701 62
0.000544 67
0.000061 56
0.000011 20
0.017702 71
0.000041 7
0.000026 8
6.946722 1
0.000557 3
0.000341 2
0.000360 1
0.000405 1
0.000397 1
0.000424 2
0.001088 2
0.000424 2
0.000354 1
0.000215 1
0.000108 1
0.000106 2
0.000098 1
0.000103 2
0.000095 1
0.000501 1
0.000069 125
0.775860 143
0.000586 7
0.000063 11
0.000676 61
0.004231 400
0.001979 67
0.000147 56
0.000027 20
0.013910 86
5.417404 1
0.000461 3
0.000498 2
0.000417 1
0.000417 1
0.000345 1
0.000445 2
0.000335 1
0.000425 1
0.000314 1
0.001110 2
0.000454 2
0.000374 1
0.000363 1
0.000344 1
0.000434 2
0.000491 1
0.000367 2
0.000341 1
0.001439 1
0.000185 140
0.345988 161
0.000717 18
0.000955 64
0.004210 72
0.002169 67
0.000134 56
0.000039 20
0.013309 86
4.960663 1
0.000515 3
0.000425 2
0.000398 1
0.000509 1
0.000292 1
0.000470 2
0.000392 1
0.000448 1
0.000357 1
0.000432 1
0.000468 1
0.000277 1
0.000483 1
0.000993 2
0.000407 2
0.000280 1
0.000536 1
0.000204 1
0.000528 2
0.000252 1
0.000402 2
0.001383 1
0.000254 155
1.166169 179
0.000587 18
0.000681 67
0.021259 84
0.002345 67
0.000077 56
0.000013 20
0.009985 71
0.000047 7
0.000029 8
7.395266 1
0.000524 3
0.000482 2
0.000447 1
0.000403 1
0.000357 1
0.000407 1
0.000454 2
0.000497 1
0.000352 1
0.000130 1
0.000118 1
0.000119 1
0.000109 1
0.000451 1
0.000066 95
0.855155 107
0.603845 1
0.000915 14
0.199726 6
0.165158 6
1.168967 18
0.000765 44
0.003638 81
0.002123 67
0.000179 56
0.000010 20
0.021234 71
0.000014 7
0.000021 8
6.253095 1
0.000485 3
0.000484 1
0.000345 1
0.000526 2
0.000317 1
0.000541 2
0.000315 1
0.000464 1
0.000361 1
0.000400 1
0.000549 2
0.000050 1
0.000102 1
0.000100 1
0.000520 1
0.000010 105
0.739127 119
0.000667 18
0.000633 33
0.002611 135
0.001214 291
0.002255 67
0.000037 56
0.000029 20
0.021854 86
2.816716 11
