40 41
41
1 7 3
6 6 2 1
1 2 5 2 1
3 3 6 2 1
3 4 6 2 1
4 1 3 6 1 2
4 4 7 3
6 2 6 4
16 1 5 5
16 2 4 1 5
11 3 3 1 1 3 2 3
10 1 2 2 1 1 2 2 3 2
6 6 2 2 1 1 1 2 2 2 1
9 2 1 2 1 1 1 2 2 2 1
4 3 2 2 1 1 3 3 1
5 4 2 3 1 2 2 1 2
4 6 3 2 3 4 4
3 11 2 4 6 5
9 3 2 3 1 5
10 2 2 2 1 5
12 3 2 2 1 5
17 3 6
13 2 7 12
7 3 2 1 1 12
8 2 2 1 1 4 7
12 2 1 1 4 6
3 5 2 3 3 4 1 5
3 5 2 4 4 4 2 4
2 5 2 3 3 4 2 3
2 4 3 4 1 2 2
2 3 4 4 2 1 2
2 3 4 4 3 2
2 4 3 9 2 4 2
3 1 4 6 1 4 2
3 5 7 2 5 2
3 2 8 7 2
5 6 4 6 2
14 6 3
13 12
1 38
1 1 36
3 25 6
1 1 12 8 3
1 1 7 1 9 3
1 2 8 10 2
1 2 4 13 2
1 2 15 3 2
1 3 6 8 4 3
1 1 5 3 15 3
1 3 3 1 3 13 3
1 2 2 2 2 4 8 3
1 2 7 4 2 3 1 4
1 5 4 3 5
1 4 3 2 6
1 2 15
1 3 15
1 3 2 2
1 1 3 2 2 2
1 8 2 3 1 3
1 5 3 5
1 1 6 5
1 3 1 4
1 3 1 4
1 10 1 2 3
1 1 1 3 3
1 1 1 1 3 1
1 2 6 1
1
40
13 18 5
12 3 3 11 4
11 4 2 10 4
10 2 2 1 1 2 5
3 5 2 2 1 3 3 2 10
2 1 3 5 2 6 1
1 5 2 1 2 10 2 4 1
1 4 3 4 12 2 3 1
2 5 3 13 2
2 7 24
40